157.15 138.74 190 168.19 163.32 166.05 152.08 173.98 152.21 148.75 154.34 143.03 162.2 128.55 157.18 133.91
87.33 93.06 96.18 106.01 100.79 85.3 57.94 100.14 52.96 70.99 94.63 120.33 75.09 81.15 107.8 75.59
193.68 179.9 193.74 177.79 184.35 194.19 148.75 179.93 166.1 160.71 169.67 164.29 180.82 148.07 186.47 144.89
213.02 193.5 193.87 219.22 221.93 196.03 211.44 209.99 218.15 211.73 205.66 209.21 210.29 179.82 249.43 185.86
306.6 283.64 308.18 280.96 299.6 275.64 270.41 287.03 306.87 284.53 299.64 277.82 301.21 270.37 287.84 256.71
309.73 292.65 307.79 315.19 307.39 317.25 272.05 287.51 302.78 306.04 299.17 293.01 313.39 298.84 305.77 294.25
302.74 273.91 290.2 303.89 309.18 269.76 298.51 282.63 287.86 305.62 278.35 268.64 278.42 279.88 258.77 277.86
286.18 261.45 296.23 311.12 290.83 285.61 265.03 260.8 282.4 279.18 270.46 279.33 272.81 236.2 273.06 251.75
255.64 227.44 246.24 250.83 260.27 201.5 210.58 218.36 245.52 271.06 251.27 223.6 249.32 218.29 223.5 227.85
256.39 260.28 235.09 263.46 249.4 229.32 272.13 235.53 214.14 264.98 234.07 221.39 239.71 228.02 222.68 212.86
192.97 190.93 189.2 196.97 202.03 176.66 200.14 184.88 165.74 218.24 165.79 160.15 193.45 158.99 135.36 165.49
206.23 187.43 215.21 186.23 206.94 176.65 197.94 164.56 169.05 238.42 176.11 188.79 219.25 168.91 209.81 175.36
205.87 173.99 212.54 211.03 222.22 167.61 195.72 191.86 180.33 213.78 185.16 145.15 209.51 159.81 173.33 172.77
135.45 125.64 122.99 140.44 153.06 96.16 120.56 112.47 75.64 117.69 127.31 125.33 127.62 108.92 124.26 106.18
230.73 221.95 212.59 220.44 245.28 202.76 199.7 193.08 197.64 211.88 197.85 180.98 230.08 178.74 196.97 173.86
257.04 232.01 214.98 265.87 279.85 209.41 258.41 238.15 236.23 250.71 229.59 233.33 265.67 217.26 272.05 224.09
348.79 314.5 330.62 327.49 370.26 285.12 309.49 312.68 321.18 328.05 326.06 297.57 363.97 304.52 319.68 296.15
346.43 320.48 323.72 356.81 364.48 326.75 308.95 317.61 322.19 350.56 338.18 317.74 355.4 328.59 332.66 328.24
341.13 299.85 315.25 336.1 348.65 276.99 329.97 296.01 287.35 341.66 312.53 301.68 334.84 318.08 287.33 320.04
325.17 308.9 319.58 343.22 344.32 286.37 297.05 270.56 290.47 311.46 314.73 308.06 317.58 271.14 306.81 300.53
300.49 265.78 268.15 274.39 298.43 217.52 246.99 228.17 260.09 307.25 293.31 242.45 303.78 250.91 235.93 270.13
297.87 284.14 251.9 282.96 293.05 235.75 293.24 245.04 228.49 297.35 279.98 245.65 300.29 260.57 240.47 264.06
231.29 223.2 217.85 221.35 237.61 189.29 214.47 183.04 178.05 245.75 215.56 198.99 248.92 186.28 138.68 213.47
241.97 217.56 229.5 222.38 241.5 193.04 217.17 157.12 180.91 257.33 236.07 212.47 268.55 194.54 205.3 223.23
237.84 203.01 225.51 237.99 244.73 186.92 219.08 181.83 202.24 227.49 242.43 177.98 265.31 177.85 166.49 223.64
171.82 147.2 128.02 172.22 186.55 114.62 127.81 101.67 99.88 140.43 181.3 147.5 167.24 139.49 129.47 155.07
268.33 252.71 218.9 237.46 269.4 213.97 210.55 190.11 222.51 230.55 264.89 199.53 279.16 203.24 190.54 223.11
311.49 264.23 223.65 267.77 310.13 238.45 261.89 219.84 248.51 274.1 289.36 254.86 316.18 239.68 269.48 274.84
381.63 347.96 327.16 328.13 383.49 312.46 322.67 296.22 339.09 358.5 376.57 308.97 410.58 337 304.3 341.72
387.7 357.81 331 364.2 389.42 347.99 323.91 308.61 343.27 384.06 384.52 323.76 409.81 356.83 321.59 378.08
373.92 344.05 324.01 347.51 376.87 297.28 342.89 287.25 306.49 374.74 379.82 299.49 381.25 350.23 274.88 368.7
348.95 344.33 331.53 357.43 370.07 307.05 307.11 263.64 320.41 344.35 370.53 319.46 360.44 292.43 294.77 349.13
317.9 293.96 281.76 296.59 323.56 226.99 243.78 231.81 293.88 346.04 337.05 258.55 337.03 276.59 233.1 321.18
316.22 321.89 269.27 307.08 316.33 253.77 295.69 246.93 246.31 338.19 311.44 264.39 324.32 281.66 225.59 323.82
245.72 256.07 230.74 239.73 267.09 193.24 208.96 202.81 197.39 285.03 255.04 206.15 272.1 205.97 140.83 264.34
251.26 250.1 243.99 234.86 273.87 206.52 220.79 177.1 192.58 297.06 277.69 223.19 299.05 208.23 208.19 270.43
268.79 237.79 248.73 255.33 274 191.58 222.18 200.34 209.92 258.6 270.73 191.78 303.37 201.52 159.92 269.38
192.12 187.63 158.67 203.06 223.24 133.77 138.45 125.11 110.67 170.2 202.39 166.94 221.77 160.51 136.22 206.97
281.89 280.96 244.95 276.86 315.38 236.14 229.16 217.1 229.66 254.95 295.22 219.97 324.94 226.26 202.2 270.77
316.96 300.19 259.74 309.19 351.37 242.76 281.56 248.81 256.24 299.7 321.36 270.65 358.88 257.72 283.86 325.07
385.68 379.47 359.04 374.13 429.38 326.67 341.49 321.78 349.15 380.03 414.54 317.97 453.33 347.65 320.02 380.69
394.36 385.95 352.05 406.2 421.94 375.43 339.51 324.6 340.21 404.49 411.14 341.74 442.18 394.06 338.61 416.33
372.39 367.54 337.2 381.95 412.13 311.64 374.59 304.11 314.34 397.95 393.32 320.8 407.07 376.51 297.28 386.06
359.55 368.92 345.27 391.02 408.03 331.03 338.91 277.38 317.46 378.43 392.88 335.61 388.06 332.52 317.43 374.49
327.21 332.63 298.59 331.31 360.62 245.18 288.15 256.59 301.77 371.84 383.51 262.4 366.84 303.96 252.99 333.66
329.96 352.3 278.58 340.73 350.23 284.39 342.07 268.84 267.46 363.49 348.7 269.33 354.57 324.95 252.21 337.34
255.67 267.92 243.44 271.5 300.83 221.2 252.4 215.07 222.45 313.44 297.83 221.92 313.39 245.46 170.25 281.62
270.26 260.66 256.75 269.51 295.12 238.28 253.49 190.05 218.24 325.67 324.46 227.46 334.28 247.96 245.7 295.06
282.98 266.71 250.68 291.78 295.4 229.59 260.61 232.69 229.34 295.39 321.17 191.54 332.4 241.08 196.91 295.61
208.83 201.79 157.39 237.7 237.39 167.4 160.03 144.28 136.26 206.62 258.36 176.31 239.72 195.11 164.32 231.85
312.88 305 243.91 297.16 321.46 268.77 260.33 252.43 258.86 299.95 344.28 207.3 337.97 262.26 222.9 293.82
338.46 304.82 260.12 328.69 351.44 275.64 303.46 264.02 292.88 346.7 376.52 276.47 376.07 308.98 307.22 346.58
417.67 388.47 368.57 402.55 427.41 346.63 360.98 344.95 388.42 423.54 470.19 328.3 461.02 401.47 346.3 401.44
421.99 395.57 378.09 444.7 436.95 392.56 364.68 361.37 385.8 456.15 466.54 337.86 461.25 434.81 368.46 447.98
402.38 371.54 367.81 416.57 430.46 345.09 402.75 348.35 369.37 454.5 456.61 325 428.41 421.63 330.32 431.09
397.64 369.53 364.24 416.57 410.97 374.01 361.64 322.37 372.57 432.79 454.72 338.97 405.31 371.04 344.61 414.15
373.9 330.81 325.55 363.28 379.61 290.67 307.09 296.4 361.34 429.91 439.46 283.79 384.1 362.27 276.3 385.6
362.73 350.92 300.22 379.48 361.73 313.13 366.47 308.08 317.86 428.43 404.07 285.07 375.88 364.73 282.95 387.56
307.47 277.56 265.16 308.72 318.23 252.44 274.46 241.29 264.71 376.32 342.58 244.72 326.09 290.17 196.09 323.22
313.75 260.39 277.05 308.22 310.67 271.9 280.94 224.43 269.99 390.95 370.8 255.63 338.11 287.05 261.62 340.52
321.26 265.31 284.13 324.61 320.98 260.99 295.56 256.82 266.46 365.5 361.89 209.88 334.2 290.91 230.98 326.53
238.07 198.72 197.57 270.17 260.82 190.4 191.84 178.66 171.91 283.2 290.58 192.95 248.82 237.22 194.65 270.82
354.56 297.94 278.97 336.01 343.31 284.88 289.69 282.39 305.14 379.07 387.63 247.54 351.66 313.28 274.73 339.11
386.36 304.03 291.44 363.92 374.18 307.39 325.53 298.29 324.03 440.05 412.88 309.44 381.66 336.31 335.84 389.65
442.43 389.91 391.05 439.37 453.58 377.73 397.4 384.97 419.23 514.2 501.39 363.95 475.24 446.13 384.07 459.25
455.27 387.05 396.71 471.54 454.04 424.46 394.71 383.52 401.6 545.33 499.59 364.4 470.09 464.82 399.91 502.53
446.07 371.48 381.65 451.23 446.34 378.34 433.03 372.85 378.25 534.48 476.47 354.83 448.25 459.14 351.03 470.35
433.91 374.15 377.6 453.47 426.7 397.25 384.57 345.39 375.35 510.49 469.23 368.93 425.46 408.32 387.1 453.96
403.07 321.41 339.08 404.38 395.28 314.02 344.89 323.58 355.58 503.06 470.7 304.9 412.72 384.24 319.53 414.87
392.85 340.36 321.3 410.2 376.83 327.43 390.09 334.16 316.35 494.71 438.22 309.99 404.05 387.29 337.39 425
331.39 259.61 281.35 351.4 338.33 270.51 311.97 282.18 274.1 441.24 371.78 266.7 350.53 313.76 246.58 364.32
334.56 244.87 285.18 341.7 327.61 273.63 319.6 252.59 277.41 463.09 398.37 277.41 361.01 313.09 309.21 371.85
356.89 252.23 294.59 368.96 334.38 280.62 325.91 284.23 273.76 436.55 389.89 243.56 362.65 300.47 272.17 363.7
287.97 184.98 192.95 323.65 270.43 215 219.38 205.85 169.86 338.93 313.92 226.84 267.02 267.49 242.88 314.28
398.22 293.57 274.92 400.11 376.1 306.24 313.08 299.71 313.47 439.94 407.64 269.79 366.22 317.98 321.19 380.23
423.02 278.7 283.51 436.24 398.32 330.83 351.09 321.52 341.94 483.24 449.4 343.54 396.18 353.64 385.56 436.69
474.29 382.79 393.21 496.07 465.71 415.94 425.18 408.18 435.8 567.56 534.53 397.58 483.57 443.63 437.72 495.81
497 383.98 396.1 540.09 472.12 454.64 417.72 413.2 419.24 596.79 539.84 404.98 488.95 478.06 452.93 536.36
489.65 368.55 375.59 521.97 458.85 413.86 449.12 406.78 412.77 591.09 528.14 382.15 473.88 459.13 407.85 509.33
474.23 358.61 366.1 524.89 447.5 438.13 409.02 380.08 404.11 573.61 509.55 392.43 448.51 414.79 435.55 498.32
441.29 313 332.24 481.78 402.79 351.54 348.36 356.1 401.93 566.48 500.76 332.18 422.42 383.69 359.27 451.36
433.13 339.88 296.63 492.25 375.91 372.77 405.2 374.24 361.18 563.02 456 332.47 418.64 388.64 366.27 465.3
367.95 276.72 266.57 426.33 334.17 317.22 334.01 311.02 314.03 515.5 394.78 277.63 387.47 308.75 276.45 397.08
385.89 273.57 278.05 416.99 322.09 331.23 335.41 294.64 339.11 535.23 420.9 290.95 386.53 302.81 342.64 409.85
394.7 262.57 295.81 458.05 337.82 327.75 347.28 325.5 339.17 515.18 410.52 244 392.33 301.03 315.81 405.44
334.6 205.78 193.57 408.79 281.97 251.58 247.05 242.15 236.04 418.82 332.6 229.95 303.57 252.49 286.77 350.51
426.72 312.34 284.07 480.43 372.82 337.61 351.98 344.53 372.02 522.26 406.81 276.09 405.67 316.05 366.06 416.27
461.42 312.61 295.86 521.56 397.4 371.21 390.72 363.6 405.78 572.81 435.76 335.81 437.98 341.07 444.81 486.82
510.43 402.98 397.6 587.69 469.77 439.11 449.54 450.83 506.23 664.41 521.98 394.81 522.93 449.46 481.46 560.58
524.88 405.25 403.67 634.89 470.72 484.3 460.79 452.92 508.54 684.6 520.33 395.75 531.4 494.43 507.66 596.76
507.74 398.84 385.44 615.62 461.78 437.1 499.48 452.1 491.92 672.38 505.37 380.72 503.35 467.42 468.56 559.93
499.26 394.54 388.56 606.03 451.31 467.57 447.75 410.06 489.41 650.75 499.54 399.49 475.76 420.54 486.64 545.91
463.73 341.49 337.57 554.52 408.22 387.14 398.54 392.39 477.56 639.47 490.3 341.54 455.41 387.99 406.5 493.45
459.69 366.57 317.19 565.46 388.17 406.78 455.87 401.91 424.38 631.52 443.96 331.16 450.33 389.37 424.53 514.44
394.4 293.01 289.03 497.2 340.06 360.57 382.56 328.85 389.43 581.67 370.08 291.88 424.41 319.75 357.51 460.21
408.58 279 290.49 492.35 330.54 366.88 386.92 316.68 401.43 589.66 399.22 310.56 418.49 316.41 405.71 476.75
414.97 283.82 313.95 524.89 332.99 366.42 405.36 358 398.86 565.29 395.52 266.82 423.61 313.96 362.28 464.58
341.35 212.51 212.91 458.9 283.47 303.21 311.76 268.9 309.99 466.57 320.36 240.74 335.3 265.06 341.11 407.42
440.64 322.27 306.17 532.48 377.12 392.19 416.07 362.48 418.49 564.64 411.98 296.65 445.84 335.67 415.19 470.43
474.82 309.79 314.32 571.9 407.71 411.72 464.88 382.36 456.68 617.84 438.65 358.28 468.33 352.24 488.07 528.98
536.81 406.79 417.88 628.79 482.82 477.43 524.77 469.64 562.59 701.33 523.73 423.4 560.75 455.92 528.97 592.25
546.42 406.3 436.83 669.64 472.27 526.2 514.03 467.82 554.5 711.74 527.61 425.07 574.55 480.84 554.33 639.31
543.25 383.41 414.98 650.57 460.78 464.85 547.33 467.51 546.76 702.34 518.49 407.77 544.32 468.93 511.29 598.71
517.37 387.34 409.6 643.78 452.14 496.46 523.48 444.76 530.37 679.15 495.02 416.14 524.19 415.36 537.35 603.26
475.76 333.69 375.12 595.11 410.07 401.28 459.62 414.53 510.45 669.17 494.11 356.29 495.57 388.37 456.93 548.72
470.03 350.27 339.82 595.33 400.87 424.97 516.05 433.8 477.57 653.57 451.91 347.21 491.53 400.48 469.77 559.29
409.75 272.2 317.14 531.51 363.82 376.86 438.77 366.69 423.71 613.94 373.77 304.73 450.05 321.2 399.3 499.01
428.49 266.54 317.2 519.56 360.68 384.4 437.71 353.18 432.91 625.02 393.98 320.4 464.59 314.48 448.46 500.54
434.18 258.84 338.29 545.02 362.39 381.4 446.07 392.24 432.78 597.34 387.48 280.97 463.53 313.29 403.45 490.66
362.25 186.49 230.06 485.29 313.22 301.33 354.51 289.74 339.95 516.85 308.21 260.86 379.09 259.29 376.67 422.5
454.93 286.84 323.02 559.59 392.24 403.25 450.9 392.65 447.46 601.64 401 314.98 491.38 333.52 435.49 495.41
483.1 281.39 319.26 587.64 434.69 417.39 508.15 407.46 493.82 664.06 431.97 363.33 512.42 349.48 513.25 542.96
543.68 377.05 430.8 647.16 503.32 505.58 571.92 497.7 606.43 741.61 515.93 434.42 592.7 452.19 554.28 608.79
557.91 380.06 451.61 671.06 490.4 549.53 576.27 486.22 585.46 758.23 507.04 430.56 607.77 483.64 569.67 663.56
548.32 358.53 431.22 668.19 479.63 497.72 615.03 484.54 582.61 745.71 494.29 412.34 586.75 471.53 537.11 638.36
525.74 363.38 427.69 651.57 475.97 520.06 574.44 454.84 570.93 717.85 487.61 419.58 564.44 433.8 551.42 619.92
493.82 303.31 388.16 588.31 430.9 428.08 511.94 444.82 560.48 714.55 470.43 359.66 539.97 400.77 470.75 576.18
482.05 323.66 356.4 600.87 403.27 452.04 568.45 452.04 519.48 701.1 422.33 360.33 542.37 406.08 475.34 592.3
418.35 258.58 326.2 538.17 366.47 393.52 496.83 405.55 472.71 663.55 365.58 318.76 485.63 350.59 399.56 532.25
425.72 235.86 327.69 522.3 357.59 406.86 488.71 379.16 480.69 687.92 398.67 333.45 499.18 343.08 461.38 538.75
